[gd_scene load_steps=9 format=3 uid="uid://ds1fgmaafnkkj"]

[ext_resource type="Script" path="res://scenes/main/Main.cs" id="1_dl2xl"]
[ext_resource type="PackedScene" uid="uid://beddkxj3k6x7i" path="res://ui/hud.tscn" id="3_stuk7"]
[ext_resource type="PackedScene" uid="uid://b1b1kyg5ak1kw" path="res://scenes/levels/level.tscn" id="5_nxjfc"]
[ext_resource type="Script" path="res://addons/phantom_camera/scripts/phantom_camera_host/phantom_camera_host.gd" id="6_g3uvw"]
[ext_resource type="Script" path="res://addons/phantom_camera/scripts/phantom_camera/phantom_camera_3d.gd" id="7_wl18x"]
[ext_resource type="Script" path="res://addons/phantom_camera/scripts/resources/tween_resource.gd" id="8_qd7vr"]

[sub_resource type="Environment" id="Environment_cxo8v"]
background_mode = 1
ambient_light_source = 3
ambient_light_color = Color(1, 1, 1, 1)
ambient_light_energy = 0.1

[sub_resource type="Resource" id="Resource_3h1r8"]
script = ExtResource("8_qd7vr")
duration = 1.0
transition = 0
ease = 2

[node name="Main" type="Node"]
script = ExtResource("1_dl2xl")

[node name="HUD" parent="." instance=ExtResource("3_stuk7")]

[node name="WorldEnvironment" type="WorldEnvironment" parent="."]
environment = SubResource("Environment_cxo8v")

[node name="DirectionalLight3D" type="DirectionalLight3D" parent="."]
transform = Transform3D(0.984808, 0.0996005, -0.142244, 0, 0.819152, 0.573576, 0.173648, -0.564863, 0.806707, 0, 18, 0)
visible = false
light_energy = 0.5
shadow_enabled = true

[node name="Placeholder" type="Node3D" parent="."]

[node name="Level" parent="." instance=ExtResource("5_nxjfc")]

[node name="CameraManager" parent="Level" index="4" node_paths=PackedStringArray("PCam")]
PCam = NodePath("../../PhantomCamera3D")

[node name="Camera3D" type="Camera3D" parent="."]
transform = Transform3D(0.707107, 0.5, -0.5, 0, 0.707107, 0.707107, 0.707107, -0.5, 0.5, -9.99968, 14.1417, 9.99968)
projection = 1
size = 20.0

[node name="PhantomCameraHost" type="Node" parent="Camera3D"]
process_priority = 300
process_physics_priority = 300
script = ExtResource("6_g3uvw")

[node name="PhantomCamera3D" type="Node3D" parent="." node_paths=PackedStringArray("follow_target")]
transform = Transform3D(0.707087, 0.499991, -0.499984, 0, 0.707094, 0.707084, 0.707087, -0.499991, 0.499984, -9.99968, 14.1417, 9.99968)
top_level = true
script = ExtResource("7_wl18x")
follow_mode = 5
follow_target = NodePath("../Placeholder")
tween_resource = SubResource("Resource_3h1r8")
follow_damping = true
follow_distance = 20.0
dead_zone_width = 0.3
dead_zone_height = 0.3
spring_length = 20.0

[editable path="Level"]
